1   0.000379348
2   0.00906356
3   0.01749
4   0.0292477
5   0.0490598
6   0.040139
7   0.045523
8   0.163022
9   0.378667
10   0.639499
11   0.929089
12   1.17759
13   1.3714
14   1.57037
15   1.76884
16   1.74021
17   1.60587
18   1.63707
19   1.49939
20   1.50182
21   1.22635
22   1.02527
23   0.910334
24   0.797403
25   0.61952
26   0.514956
27   0.342398
28   0.249041
29   0.151132
30   0.0985063
31   0.06087
32   0.0375427
33   0.0305226
34   0.0228046
35   0.0239425
36   0.0303172
37   0.0523419
38   0.0656655
39   0
40   0
41   0
42   0
43   0
44   0
45   0
46   0
47   0
48   0
49   0
50   0
